cam0:
  T_cam_imu:
   [-0.9999484672250173, -0.009859752954430008, -0.002418298165250088, 0.04446242547938516,
    -0.009849203809687892, 0.9999420944210154, -0.004336010750455064, -0.004896127610133339,
    0.0024609101271019116, -0.004311968992286596, -0.9999876753464293, -0.0034837517177603717,
    0.0, 0.0, 0.0, 1.0]
  cam_overlaps: [1]
  camera_model: pinhole
  distortion_coeffs: [0.01717791134456901, -0.01877299985248275, -6.419986833862609e-05,
    -7.058923819761562e-06]
  distortion_model: radtan
  intrinsics: [254.41742511157017, 255.13845213787587, 328.0744296730133, 245.87875427470635]
  resolution: [640, 480]
  rostopic: /cam0/image_raw
  timeshift_cam_imu: 6.0193011052246843e-05
cam1:
  T_cam_imu:
   [-0.9996011483356382, 0.008510943879850364, 0.02692783096254438, 0.004608940846485429,
    0.008270001017264666, 0.999924881336353, -0.00904647819068382, -0.004825933698055878,
    -0.027002802248058764, -0.00882017679834788, -0.9995964451477397, -0.0035100078972093206,
    0.0, 0.0, 0.0, 1.0]
  T_cn_cnm1:
   [0.9994006007863105, 0.018238967122532975, -0.029424126601463152, -0.03984003993111129,
    -0.018106710062516764, 0.9998247528083187, 0.004755073342290393, 0.0008909696212194516,
    0.02950569773226392, -0.004219449025852521, 0.9995557063271885, -0.001360357835807861,
    0.0, 0.0, 0.0, 1.0]
  cam_overlaps: [0]
  camera_model: pinhole
  distortion_coeffs: [0.01484155282714199, -0.01716848719261644, 0.0008017704200904269,
    0.0006157576609595025]
  distortion_model: radtan
  intrinsics: [256.7965374743594, 257.4908833015804, 322.2562660383002, 254.8133692422864]
  resolution: [640, 480]
  rostopic: /cam1/image_raw
  timeshift_cam_imu: -2.6702665244641467e-05
T_imu_body:
  [1.0000, 0.0000, 0.0000, 0.0000,
  0.0000, 1.0000, 0.0000, 0.0000,
  0.0000, 0.0000, 1.0000, 0.0000,
  0.0000, 0.0000, 0.0000, 1.0000]
