cam0:
  T_cam_imu:
   [0.004826017370108904, 0.999959569971398, 0.007587356519761113, 0.018611119232326848,
   -0.055088328199348946, 0.007841775633124604, -0.9984506911465975, -0.01904570116340099,
   -0.9984698221040744, 0.004400565592544647, 0.05512394552208222, -0.015320989094867716,
    0.0, 0.0, 0.0, 1.0]
  cam_overlaps: [1]
  camera_model: pinhole
  distortion_coeffs: [-0.1733922, 0.0207022, -0.0001171, -0.0001305]
  distortion_model: radtan
  intrinsics: [347.884769, 345.054822, 345.957124, 192.43297]
  resolution: [672, 376]
  rostopic: /cam0/image_raw
  timeshift_cam_imu: -0.015136505895881053
cam1:
  T_cam_imu:
   [-0.006724844260799, 0.9999731859715624, 0.002898932139886956, -0.10205002907917052,
   -0.06389253448073345, 0.002463398893223556, -0.9979537442705058, -0.018963014505180734,
   -0.9979341263366521, -0.0068963036314054205, 0.06387425529058771, -0.012573126163197522,
    0.0, 0.0, 0.0, 1.0 ]
  T_cn_cnm1:
   [0.9999222980435111, 0.005317584992601027, 0.011274802225762695, -0.1203856839344928,
   -0.005416878031299323, 0.9999466560296003, 0.00879446005244119, 0.00031722467436734,
   -0.011227435494253613, -0.00885485093417283, 0.9998977629273683, 0.00278660485451341,
    0.0, 0.0, 0.0, 1.0]
  cam_overlaps: [0]
  camera_model: pinhole
  distortion_coeffs: [-0.1779664, 0.0257017, -0.0003149, -0.0003992]
  distortion_model: radtan
  intrinsics: [349.3850045, 346.532616, 351.2754877, 181.2790868]
  resolution: [672, 376]
  rostopic: /cam1/image_raw
  timeshift_cam_imu: -0.013331687258349528
