cam0:
  T_cam_imu:
   [0.9999299353527893, 0.005072769743328206, 0.010695391180286623, 0.02174289318511589,
   -0.005229595817002443, 0.9998784740074947, 0.014686338687227322, 0.002828512867783223,
   -0.01061959099772536, -0.014741242267066005, 0.9998349464103894, -0.0023892366138245666,
    0.0, 0.0, 0.0, 1.0]
  cam_overlaps: [1]
  camera_model: pinhole
  distortion_coeffs: [-0.008228094308485197, -0.003174233859681989, 0.016317903114715676,
    -0.007297265502652538]
  distortion_model: equidistant
  intrinsics: [280.59513653259535, 279.22178560406337, 323.1385397086218, 234.66238683322598]
  resolution: [640, 480]
  rostopic: /cam0/image_raw
  timeshift_cam_imu: 0
cam1:
  T_cam_imu:
   [0.9999451120851325, 0.00032741409496799955, -0.010472135267566898, -0.051742111469965796,
    3.596011257145135e-05, 0.999398461829339, 0.03468015570930437, 0.0034284899660626104,
    0.010477190650270042, -0.03467862876703329, 0.9993435951577997, -0.002035057243950815,
    0.0, 0.0, 0.0, 1.0]
  T_cn_cnm1:
   [0.9997647085967574, -0.005055731795065236, -0.021094241405064388, -0.07351598767070106,
    0.005476593703239721, 0.9997861453949735, 0.019941674896269107, 0.0005291503766768696,
    0.020988910544580474, -0.020052507381253373, 0.9995785924987961, -4.6468337241035515e-05,
    0.0, 0.0, 0.0, 1.0]
  cam_overlaps: [0]
  camera_model: pinhole
  distortion_coeffs: [-0.011443235552171884, 0.00845488044366793, 0.002679452898291567,
    -0.0024715569384940123]
  distortion_model: equidistant
  intrinsics: [280.29364491046465, 278.88157099768097, 316.6442983894223, 241.52600683369198]
  resolution: [640, 480]
  rostopic: /cam1/image_raw
  timeshift_cam_imu: 0
