cam0:
  T_cam_imu:
   [ -0.99995657732086, -0.008771985255974328, 0.0031457506923758182, 0.056340069045262516,
   -0.00881492467462014, 0.9998644469166938, -0.013906289762316644, -0.003772590580489675,
   -0.0030233385074098073, -0.013933415469356702, -0.9998983545129109, 0.01315804250474773,
    0.0, 0.0, 0.0, 1.0]
  cam_overlaps: [1]
  camera_model: pinhole
  distortion_coeffs: [0.09198244279760188, -0.14495513280487463, -0.0009522199688690519,
    -0.0026345955272592514]
  distortion_model: radtan
  intrinsics: [542.0642361133936, 541.1428792728802, 321.19682257337666, 209.5818251264706]
  resolution: [640, 480]
  rostopic: /cam0/image_raw
  timeshift_cam_imu: 0.00020151476284596237
cam1:
  T_cam_imu:
   [-0.9999422074215304, -0.006858028126040178, -0.008279448482813097, -0.013106911225901033,
   -0.006671474056975838, 0.9997278726592514, -0.022353345658198326, -0.004107232028596851,
   0.008430495291749624, -0.022296817674956157, -0.9997158489644474, 0.012970201275926345,
   0.0, 0.0, 0.0, 1.0]
  T_cn_cnm1:
   [0.9999329006927076, 0.002072453147886057, 0.01139732645030175, -0.06958534788020722,
   -0.0021687318478362545, 0.9999620171068054, 0.008441619859850978, -0.0003236734328893437,
   -0.011379398685216695, -0.008465771177858924, 0.9998994149432853, 0.000422660492646698,
   0.0, 0.0, 0.0, 1.0]
  cam_overlaps: [0]
  camera_model: pinhole
  distortion_coeffs: [0.08945389480214744, -0.1362022334955588, -0.002996510926186086,
    -0.00212827294033991]
  distortion_model: radtan
  intrinsics: [540.3430138910271, 539.674635403306, 316.39272794496617, 214.7011182627854]
  resolution: [640, 480]
  rostopic: /cam1/image_raw
  timeshift_cam_imu: 0.00020366971141513987
T_imu_body:
  [1.0000, 0.0000, 0.0000, 0.0000,
  0.0000, 1.0000, 0.0000, 0.0000,
  0.0000, 0.0000, 1.0000, 0.0000,
  0.0000, 0.0000, 0.0000, 1.0000]
