cam0:
  T_cam_imu:
    [-0.9999507177999758, -0.009698346483738386, -0.0021222739678599216, 0.04419640614667603,
     -0.009691390954750828, 0.9999477118985494, -0.0032634966244459284, -0.00411194527501448,
     0.0021538135191957715, -0.003242768005416883, -0.9999924227427863, 0.0004995143009107004,
     0.0, 0.0, 0.0, 1.0]
  cam_overlaps: [1]
  camera_model: pinhole
  distortion_coeffs: [0.34620427352746747, 0.21442721359582503, -0.1445720539263292,
    0.06735006805159577]
  distortion_model: equidistant
  intrinsics: [255.86107321943652, 256.5942066397474, 328.23404479645416, 245.75538929045828]
  resolution: [640, 480]
  rostopic: /cam0/image_raw
  timeshift_cam_imu: 8.407423853211242e-05
cam1:
  T_cam_imu:
    [-0.9996208915231255, 0.008745858821028058, 0.026107148139824236, 0.004395668596410905,
     0.00848764623685455, 0.9999141263567386, -0.009984977396001224, -0.0037791746479750353,
     -0.026192233426534883, -0.009759603768765016, -0.9996092821910005, 0.0002480051394082338,
     0.0, 0.0, 0.0, 1.0]
  T_cn_cnm1:
    [0.9994314011163847, 0.01834791779313371, -0.028288308100645428, -0.03968603147474964,
     -0.018163550740769988, 0.9998121715875179, 0.006760693007356306, 0.001131384889649811,
     0.028407039392166655, -0.006243032765303248, 0.9995769428387511, -0.0015324578978821916,
     0.0, 0.0, 0.0, 1.0]
  cam_overlaps: [0]
  camera_model: pinhole
  distortion_coeffs: [0.3369970639777277, 0.23952567868585392, -0.18526023611864254,
    0.09612176794790445]
  distortion_model: equidistant
  intrinsics: [258.20551453309565, 258.93667484500526, 322.09854302950276, 254.05406262690747]
  resolution: [640, 480]
  rostopic: /cam1/image_raw
  timeshift_cam_imu: 4.8715242196082556e-05
T_imu_body:
  [1.0000, 0.0000, 0.0000, 0.0000,
  0.0000, 1.0000, 0.0000, 0.0000,
  0.0000, 0.0000, 1.0000, 0.0000,
  0.0000, 0.0000, 0.0000, 1.0000]
