cam0:
  T_cam_imu:
   [0.9995832175113026, -0.008156344368117546, -0.027692333168250396, 0.012083612115978264,
    -0.009064394021736904, -0.999420008034344, -0.03282505600377714, -0.009101725379397397,
    -0.02740853937683298, 0.03306238931446247, -0.9990773995952709, -0.008684174100517944,
    0.0, 0.0, 0.0, 1.0]
  cam_overlaps: [1]
  camera_model: pinhole
  distortion_coeffs: [-0.029601133385366296, 0.026482284768952168, -0.010574247469778248,
    0.0015702930703689042]
  distortion_model: equidistant
  intrinsics: [286.9019100778697, 286.3355991843893, 321.95158559423044, 240.2578982485261]
  resolution: [640, 480]
  rostopic: /cam0/image_raw
  timeshift_cam_imu: 0.0002610296798215919
cam1:
  T_cam_imu:
   [0.9991633069164692, -0.039702526967072056, -0.009818119177057964, -0.057437893504994425,
    -0.03976139572945205, -0.9991919304278933, -0.005875166161586174, -0.00711753386400568,
    -0.009576926510729259, 0.006260632572612104, -0.9999345413367813, -0.00894289751151258,
    0.0, 0.0, 0.0, 1.0]
  T_cn_cnm1:
   [0.99934258725636, 0.03094497022630102, -0.018889206268528417, -0.06939594623536154,
    -0.03143237334280626, 0.9991656727521265, -0.02607612509224008, 0.002129964695096225,
    0.018066521574451235, 0.02665271489888139, 0.9994814823630882, -0.0002389494557933859,
    0.0, 0.0, 0.0, 1.0]
  cam_overlaps: [0]
  camera_model: pinhole
  distortion_coeffs: [-0.0158585826040984, 0.01336870909734626, -0.0032432136584231897,
    -0.0005212821003029544]
  distortion_model: equidistant
  intrinsics: [285.984162703312, 285.63613964963525, 316.1813729747182, 238.09882371582285]
  resolution: [640, 480]
  rostopic: /cam1/image_raw
  timeshift_cam_imu: 0.00027063445760951464
T_imu_body:
  [1.0000, 0.0000, 0.0000, 0.0000,
  0.0000, 1.0000, 0.0000, 0.0000,
  0.0000, 0.0000, 1.0000, 0.0000,
  0.0000, 0.0000, 0.0000, 1.0000]
