cam0:
  T_cam_imu:
   [-0.9976727755515847, -0.034206660583468336, 0.05898251685818121, 0.04138041441812206,
    -0.0320030163799774, 0.998768578967988, 0.0379095318996368, -0.005983829079794054,
    -0.06020664303697006, 0.0359336894570273, -0.9975389366316613, 0.020398389845683748,
    0.0, 0.0, 0.0, 1.0]
  cam_overlaps: [1]
  camera_model: pinhole
  distortion_coeffs: [0, 0, 0, 0]
  distortion_model: radtan
  intrinsics: [612.4844149091455, 612.4844149091455, 301.3184089660645, 228.3171558380127]
  resolution: [640, 480]
  rostopic: /cam0/image_raw
  timeshift_cam_imu: 0.00015333311639972
cam1:
  T_cam_imu:
   [-0.9987479719468844, -0.04993056808792162, 0.0030703261069620884, 0.0023161887567629685,
    -0.04991887020205103, 0.998746140207053, 0.003775423057718078, -0.006602611259710045,
    -0.003254985366549434, 0.0036174289117260256, -0.9999881595690683, 0.01827001372533009,
    0.0, 0.0, 0.0, 1.0]
  T_cn_cnm1:
   [ 1.0000, 0.0000, 0.0000, -0.04,
     0.0000, 1.0000, 0.0000, -0.002,
     0.0000, 0.0000, 1.0000, 0.0000,
     0.0000, 0.0000, 0.0000, 1.0000 ]
  cam_overlaps: [0]
  camera_model: pinhole
  distortion_coeffs: [0, 0, 0, 0]
  distortion_model: radtan
  intrinsics: [612.4844149091455, 612.4844149091455, 301.3184089660645, 228.3171558380127]
  resolution: [640, 480]
  rostopic: /cam1/image_raw
  timeshift_cam_imu: 0.00012891063897622326
T_imu_body:
  [1.0000, 0.0000, 0.0000, 0.0000,
  0.0000, 1.0000, 0.0000, 0.0000,
  0.0000, 0.0000, 1.0000, 0.0000,
  0.0000, 0.0000, 0.0000, 1.0000]